Time = 0.240684
Cycles = 567155228
Instructions = 1334239188

IPC = 1334239188/569891181 = 2.352511486
GFlops = 2/0.240684 = 8.309650828
Flops = 2147483648/0.240684 = 8922419637.366




Time = 1.974511
Cycles = 4668856924
Instructions = 12118744438

IPC = 12118744438/4668856924 = 2.595655561
GFlops = 2/1.974511 = 1.012909019
Flops = 2147483648/1.974511 = 1087602777.599111881






Time = 2.417762
Cycles = 5884167219
Instructions = 4305899406

IPC = 4305899406/5884167219 = 0.731777199
GFlops = 2/2.417762 = 0.827211281
Flops = 2147483648/2.417762 = 888211349.173326407




Time = 10.096335
Cycles = 26209354267
Instructions = 8612917478

IPC = 8612917478/26209354267 = 0.32861998
GFlops = 2/10.096335 = 0.32861998
Flops = 2147483648/10.096335 = 212699325.844477229
